0 ; ([1, 1] ; [0, 0])
0.00519346 ; ([0.997695, 0.998213] ; [0.000748949, 0.000749143])
0.0145417 ; ([0.993577, 0.995023] ; [0.002074, 0.00207552])
0.0283321 ; ([0.987576, 0.99038] ; [0.00397566, 0.00398134])
0.0421685 ; ([0.98164, 0.985792] ; [0.00582176, 0.00583419])
0.0560744 ; ([0.975759, 0.981253] ; [0.00761647, 0.00763818])
0.0700502 ; ([0.969932, 0.976761] ; [0.00936071, 0.00939418])
0.0840965 ; ([0.964157, 0.972314] ; [0.0110554, 0.0111031])
0.0982138 ; ([0.958433, 0.967912] ; [0.0127015, 0.0127657])
0.112403 ; ([0.95276, 0.963555] ; [0.0143, 0.014383])
0.126664 ; ([0.947136, 0.95924] ; [0.0158516, 0.0159558])
0.140998 ; ([0.94156, 0.954967] ; [0.0173573, 0.0174848])
0.155406 ; ([0.936032, 0.950735] ; [0.0188179, 0.018971])
0.169887 ; ([0.93055, 0.946543] ; [0.0202344, 0.0204151])
0.184443 ; ([0.925113, 0.942391] ; [0.0216076, 0.0218179])
0.199074 ; ([0.91972, 0.938277] ; [0.0229382, 0.0231802])
0.21378 ; ([0.914371, 0.934201] ; [0.0242272, 0.0245028])
0.228563 ; ([0.909065, 0.930161] ; [0.0254753, 0.0257864])
0.243422 ; ([0.9038, 0.926157] ; [0.0266833, 0.0270319])
0.258359 ; ([0.898576, 0.922189] ; [0.0278521, 0.0282399])
0.273372 ; ([0.893392, 0.918254] ; [0.0289824, 0.0294112])
0.288465 ; ([0.888247, 0.914353] ; [0.030075, 0.0305465])
0.303635 ; ([0.88314, 0.910485] ; [0.0311305, 0.0316465])
0.318885 ; ([0.878071, 0.906648] ; [0.0321499, 0.0327119])
0.334214 ; ([0.873038, 0.902843] ; [0.0331338, 0.0337434])
0.349623 ; ([0.868041, 0.899068] ; [0.0340829, 0.0347418])
0.365113 ; ([0.863079, 0.895323] ; [0.034998, 0.0357076])
0.380683 ; ([0.858152, 0.891607] ; [0.0358798, 0.0366415])
0.396334 ; ([0.853259, 0.887919] ; [0.0367289, 0.0375442])
0.412066 ; ([0.848398, 0.884259] ; [0.037546, 0.0384163])
0.427881 ; ([0.84357, 0.880625] ; [0.0383319, 0.0392585])
0.443777 ; ([0.838773, 0.877019] ; [0.0390872, 0.0400713])
0.459755 ; ([0.834008, 0.873438] ; [0.0398125, 0.0408555])
0.475816 ; ([0.829273, 0.869882] ; [0.0405085, 0.0416116])
0.491959 ; ([0.824567, 0.86635] ; [0.0411758, 0.0423402])
0.508185 ; ([0.819891, 0.862843] ; [0.0418152, 0.0430419])
0.524495 ; ([0.815243, 0.859358] ; [0.0424271, 0.0437173])
0.540887 ; ([0.810624, 0.855897] ; [0.0430122, 0.044367])
0.557362 ; ([0.806032, 0.852458] ; [0.0435711, 0.0449915])
0.57392 ; ([0.801467, 0.849041] ; [0.0441044, 0.0455915])
0.590562 ; ([0.796929, 0.845645] ; [0.0446128, 0.0461673])
0.607286 ; ([0.792417, 0.842269] ; [0.0450967, 0.0467197])
0.624094 ; ([0.78793, 0.838914] ; [0.0455568, 0.047249])
0.640984 ; ([0.783469, 0.835579] ; [0.0459935, 0.047756])
0.657956 ; ([0.779032, 0.832263] ; [0.0464076, 0.048241])
0.675011 ; ([0.77462, 0.828967] ; [0.0467995, 0.0487046])
0.692148 ; ([0.770231, 0.825688] ; [0.0471697, 0.0491473])
0.709367 ; ([0.765866, 0.822428] ; [0.0475189, 0.0495697])
0.726666 ; ([0.761525, 0.819186] ; [0.0478475, 0.0499721])
0.744047 ; ([0.757206, 0.815961] ; [0.048156, 0.0503551])
0.761507 ; ([0.752911, 0.812753] ; [0.0484451, 0.0507191])
0.779047 ; ([0.748637, 0.809562] ; [0.048715, 0.0510647])
0.796667 ; ([0.744385, 0.806387] ; [0.0489665, 0.0513923])
0.814364 ; ([0.740156, 0.803229] ; [0.0491999, 0.0517024])
0.832139 ; ([0.735948, 0.800086] ; [0.0494158, 0.0519953])
0.849991 ; ([0.731761, 0.796958] ; [0.0496147, 0.0522717])
0.867918 ; ([0.727596, 0.793846] ; [0.0497969, 0.0525318])
0.885921 ; ([0.723451, 0.790749] ; [0.049963, 0.0527762])
0.903997 ; ([0.719327, 0.787667] ; [0.0501134, 0.0530052])
0.922147 ; ([0.715224, 0.784599] ; [0.0502486, 0.0532193])
0.940368 ; ([0.711141, 0.781546] ; [0.0503691, 0.0534189])
0.95866 ; ([0.707079, 0.778507] ; [0.0504752, 0.0536045])
0.977021 ; ([0.703037, 0.775482] ; [0.0505674, 0.0537763])
0.99545 ; ([0.699015, 0.77247] ; [0.0506462, 0.0539348])
1.01395 ; ([0.695014, 0.769473] ; [0.0507119, 0.0540805])
1.03251 ; ([0.691032, 0.766489] ; [0.0507649, 0.0542136])
1.05113 ; ([0.68707, 0.763518] ; [0.0508057, 0.0543346])
1.06982 ; ([0.683128, 0.760561] ; [0.0508347, 0.0544438])
1.08857 ; ([0.679206, 0.757616] ; [0.0508523, 0.0545416])
1.10738 ; ([0.675304, 0.754685] ; [0.0508588, 0.0546283])
1.12625 ; ([0.671422, 0.751767] ; [0.0508546, 0.0547044])
1.14517 ; ([0.667559, 0.748862] ; [0.0508401, 0.0547701])
1.16415 ; ([0.663716, 0.745969] ; [0.0508157, 0.0548258])
1.18318 ; ([0.659893, 0.743089] ; [0.0507817, 0.0548718])
1.20226 ; ([0.65609, 0.740222] ; [0.0507384, 0.0549084])
1.22139 ; ([0.652307, 0.737368] ; [0.0506863, 0.0549361])
1.24057 ; ([0.648543, 0.734526] ; [0.0506257, 0.054955])
1.25979 ; ([0.6448, 0.731697] ; [0.0505568, 0.0549655])
1.27905 ; ([0.641077, 0.728882] ; [0.05048, 0.0549679])
1.29835 ; ([0.637375, 0.726079] ; [0.0503957, 0.0549625])
1.3177 ; ([0.633693, 0.723288] ; [0.0503042, 0.0549496])
1.33707 ; ([0.630031, 0.720511] ; [0.0502057, 0.0549295])
1.35649 ; ([0.626389, 0.717746] ; [0.0501005, 0.0549024])
1.37593 ; ([0.622768, 0.714993] ; [0.0499889, 0.0548686])
1.39541 ; ([0.619167, 0.712254] ; [0.0498713, 0.0548283])
1.41492 ; ([0.615586, 0.709527] ; [0.0497479, 0.0547819])
1.43445 ; ([0.612026, 0.706812] ; [0.0496189, 0.0547296])
1.45401 ; ([0.608486, 0.70411] ; [0.0494846, 0.0546716])
1.4736 ; ([0.604966, 0.701421] ; [0.0493453, 0.0546082])
1.49321 ; ([0.601466, 0.698744] ; [0.0492011, 0.0545395])
1.51284 ; ([0.597987, 0.696079] ; [0.0490524, 0.0544659])
1.53249 ; ([0.594528, 0.693427] ; [0.0488994, 0.0543875])
1.55216 ; ([0.591089, 0.690787] ; [0.0487423, 0.0543045])
1.57185 ; ([0.587671, 0.68816] ; [0.0485812, 0.0542171])
1.59155 ; ([0.584272, 0.685544] ; [0.0484165, 0.0541256])
1.61127 ; ([0.580894, 0.682941] ; [0.0482482, 0.0540301])
1.631 ; ([0.577536, 0.680351] ; [0.0480767, 0.0539307])
1.65075 ; ([0.574198, 0.677772] ; [0.047902, 0.0538278])
1.6705 ; ([0.57088, 0.675206] ; [0.0477245, 0.0537214])
1.69027 ; ([0.567581, 0.672652] ; [0.0475441, 0.0536118])
1.71004 ; ([0.564303, 0.67011] ; [0.0473612, 0.053499])
1.72982 ; ([0.561045, 0.667579] ; [0.0471758, 0.0533832])
1.7496 ; ([0.557806, 0.665061] ; [0.0469881, 0.0532647])
1.76939 ; ([0.554587, 0.662555] ; [0.0467984, 0.0531434])
1.78919 ; ([0.551388, 0.660061] ; [0.0466066, 0.0530196])
1.80899 ; ([0.548208, 0.657578] ; [0.046413, 0.0528935])
1.82879 ; ([0.545048, 0.655108] ; [0.0462177, 0.052765])
1.84859 ; ([0.541907, 0.652649] ; [0.0460207, 0.0526344])
1.86839 ; ([0.538785, 0.650201] ; [0.0458224, 0.0525017])
1.88819 ; ([0.535683, 0.647766] ; [0.0456226, 0.0523672])
1.90799 ; ([0.5326, 0.645342] ; [0.0454217, 0.0522308])
1.92779 ; ([0.529536, 0.642929] ; [0.0452196, 0.0520927])
1.94759 ; ([0.52649, 0.640528] ; [0.0450164, 0.0519531])
1.96738 ; ([0.523464, 0.638138] ; [0.0448124, 0.0518119])
1.98717 ; ([0.520456, 0.63576] ; [0.0446075, 0.0516693])
2.00696 ; ([0.517467, 0.633393] ; [0.0444019, 0.0515254])
2.02674 ; ([0.514496, 0.631037] ; [0.0441956, 0.0513802])
2.04651 ; ([0.511544, 0.628692] ; [0.0439887, 0.0512339])
2.06628 ; ([0.50861, 0.626358] ; [0.0437814, 0.0510865])
2.08604 ; ([0.505695, 0.624036] ; [0.0435736, 0.0509381])
2.1058 ; ([0.502797, 0.621724] ; [0.0433655, 0.0507888])
2.12555 ; ([0.499917, 0.619423] ; [0.0431571, 0.0506386])
2.14529 ; ([0.497056, 0.617133] ; [0.0429485, 0.0504877])
2.16502 ; ([0.494212, 0.614853] ; [0.0427397, 0.050336])
2.18475 ; ([0.491385, 0.612585] ; [0.0425308, 0.0501836])
2.20446 ; ([0.488576, 0.610327] ; [0.0423219, 0.0500306])
2.22417 ; ([0.485785, 0.608079] ; [0.042113, 0.0498771])
2.24387 ; ([0.48301, 0.605842] ; [0.0419042, 0.049723])
2.26356 ; ([0.480253, 0.603615] ; [0.0416955, 0.0495685])
2.28324 ; ([0.477513, 0.601399] ; [0.0414869, 0.0494136])
2.30291 ; ([0.474789, 0.599193] ; [0.0412786, 0.0492584])
2.32256 ; ([0.472083, 0.596997] ; [0.0410704, 0.0491028])
2.34221 ; ([0.469393, 0.594811] ; [0.0408626, 0.0489469])
2.36185 ; ([0.46672, 0.592635] ; [0.0406551, 0.0487909])
2.38148 ; ([0.464063, 0.590469] ; [0.040448, 0.0486346])
2.40109 ; ([0.461422, 0.588313] ; [0.0402412, 0.0484782])
2.4207 ; ([0.458797, 0.586167] ; [0.0400349, 0.0483216])
2.44029 ; ([0.456189, 0.584031] ; [0.039829, 0.0481649])
2.45988 ; ([0.453597, 0.581904] ; [0.0396236, 0.0480082])
2.47945 ; ([0.45102, 0.579787] ; [0.0394187, 0.0478515])
2.49901 ; ([0.448459, 0.57768] ; [0.0392144, 0.0476947])
2.51856 ; ([0.445913, 0.575582] ; [0.0390106, 0.047538])
2.5381 ; ([0.443383, 0.573494] ; [0.0388074, 0.0473814])
2.55762 ; ([0.440869, 0.571415] ; [0.0386048, 0.0472248])
2.57714 ; ([0.438369, 0.569345] ; [0.0384028, 0.0470683])
2.59664 ; ([0.435885, 0.567285] ; [0.0382014, 0.0469119])
2.61614 ; ([0.433416, 0.565233] ; [0.0380007, 0.0467557])
2.63562 ; ([0.430962, 0.563191] ; [0.0378007, 0.0465997])
2.65509 ; ([0.428522, 0.561158] ; [0.0376014, 0.0464438])
2.67454 ; ([0.426097, 0.559134] ; [0.0374028, 0.0462881])
2.69399 ; ([0.423687, 0.557119] ; [0.0372049, 0.0461327])
2.71342 ; ([0.421291, 0.555112] ; [0.0370077, 0.0459774])
2.73285 ; ([0.418909, 0.553115] ; [0.0368113, 0.0458225])
2.75226 ; ([0.416542, 0.551126] ; [0.0366156, 0.0456678])
2.77166 ; ([0.414188, 0.549146] ; [0.0364207, 0.0455134])
2.79105 ; ([0.411849, 0.547174] ; [0.0362266, 0.0453592])
2.81042 ; ([0.409524, 0.545211] ; [0.0360333, 0.0452054])
2.82979 ; ([0.407212, 0.543257] ; [0.0358407, 0.0450519])
2.84914 ; ([0.404915, 0.541311] ; [0.035649, 0.0448987])
2.86849 ; ([0.40263, 0.539373] ; [0.035458, 0.0447458])
2.88782 ; ([0.40036, 0.537444] ; [0.0352679, 0.0445934])
2.90714 ; ([0.398102, 0.535523] ; [0.0350786, 0.0444412])
2.92645 ; ([0.395858, 0.533611] ; [0.0348901, 0.0442894])
2.94575 ; ([0.393627, 0.531706] ; [0.0347025, 0.044138])
2.96504 ; ([0.391409, 0.529809] ; [0.0345157, 0.043987])
2.98432 ; ([0.389205, 0.527921] ; [0.0343297, 0.0438364])
3.00358 ; ([0.387013, 0.526041] ; [0.0341446, 0.0436862])
3.02284 ; ([0.384834, 0.524168] ; [0.0339603, 0.0435363])
3.04208 ; ([0.382667, 0.522304] ; [0.0337768, 0.0433869])
3.06132 ; ([0.380513, 0.520447] ; [0.0335942, 0.0432379])
3.08054 ; ([0.378372, 0.518598] ; [0.0334125, 0.0430893])
3.09976 ; ([0.376243, 0.516757] ; [0.0332316, 0.0429412])
3.11896 ; ([0.374127, 0.514924] ; [0.0330516, 0.0427935])
3.13815 ; ([0.372023, 0.513098] ; [0.0328724, 0.0426462])
3.15734 ; ([0.369931, 0.51128] ; [0.0326941, 0.0424993])
3.17651 ; ([0.367851, 0.509469] ; [0.0325166, 0.0423529])
3.19567 ; ([0.365783, 0.507666] ; [0.03234, 0.0422069])
3.21483 ; ([0.363726, 0.50587] ; [0.0321643, 0.0420614])
3.23397 ; ([0.361682, 0.504082] ; [0.0319894, 0.0419164])
3.2531 ; ([0.35965, 0.502301] ; [0.0318154, 0.0417718])
3.27223 ; ([0.357629, 0.500527] ; [0.0316422, 0.0416276])
3.29134 ; ([0.355619, 0.498761] ; [0.0314699, 0.0414839])
3.31045 ; ([0.353621, 0.497001] ; [0.0312984, 0.0413407])
3.32954 ; ([0.351635, 0.495249] ; [0.0311278, 0.0411979])
3.34863 ; ([0.34966, 0.493505] ; [0.0309581, 0.0410556])
3.36771 ; ([0.347696, 0.491767] ; [0.0307892, 0.0409138])
3.38677 ; ([0.345743, 0.490036] ; [0.0306211, 0.0407724])
3.40583 ; ([0.343801, 0.488312] ; [0.0304539, 0.0406315])
3.42488 ; ([0.341871, 0.486596] ; [0.0302875, 0.0404911])
3.44392 ; ([0.339951, 0.484886] ; [0.030122, 0.0403512])
3.46296 ; ([0.338042, 0.483183] ; [0.0299573, 0.0402117])
3.48198 ; ([0.336144, 0.481486] ; [0.0297934, 0.0400727])
3.501 ; ([0.334256, 0.479797] ; [0.0296304, 0.0399341])
3.52 ; ([0.332379, 0.478114] ; [0.0294682, 0.0397961])
3.539 ; ([0.330513, 0.476438] ; [0.0293069, 0.0396585])
3.55799 ; ([0.328657, 0.474769] ; [0.0291464, 0.0395214])
3.57697 ; ([0.326812, 0.473107] ; [0.0289867, 0.0393847])
3.59595 ; ([0.324977, 0.471451] ; [0.0288278, 0.0392486])
3.61491 ; ([0.323152, 0.469801] ; [0.0286697, 0.0391129])
3.63387 ; ([0.321338, 0.468158] ; [0.0285125, 0.0389776])
3.65282 ; ([0.319533, 0.466522] ; [0.028356, 0.0388429])
3.67177 ; ([0.317739, 0.464892] ; [0.0282004, 0.0387086])
3.6907 ; ([0.315954, 0.463268] ; [0.0280456, 0.0385748])
3.70963 ; ([0.31418, 0.461651] ; [0.0278916, 0.0384415])
3.72855 ; ([0.312415, 0.46004] ; [0.0277383, 0.0383086])
3.74746 ; ([0.31066, 0.458435] ; [0.0275859, 0.0381762])
3.76637 ; ([0.308915, 0.456836] ; [0.0274343, 0.0380443])
3.78527 ; ([0.30718, 0.455244] ; [0.0272834, 0.0379128])
3.80416 ; ([0.305454, 0.453658] ; [0.0271334, 0.0377818])
3.82304 ; ([0.303737, 0.452078] ; [0.0269841, 0.0376513])
3.84192 ; ([0.302031, 0.450505] ; [0.0268356, 0.0375212])
3.86079 ; ([0.300333, 0.448937] ; [0.0266879, 0.0373916])
3.87965 ; ([0.298645, 0.447375] ; [0.0265409, 0.0372625])
3.89851 ; ([0.296966, 0.44582] ; [0.0263948, 0.0371338])
3.91736 ; ([0.295297, 0.44427] ; [0.0262493, 0.0370056])
3.9362 ; ([0.293636, 0.442726] ; [0.0261047, 0.0368779])
3.95504 ; ([0.291985, 0.441189] ; [0.0259608, 0.0367506])
3.97387 ; ([0.290343, 0.439657] ; [0.0258176, 0.0366237])
3.99269 ; ([0.28871, 0.438131] ; [0.0256752, 0.0364973])
4.01151 ; ([0.287085, 0.436611] ; [0.0255336, 0.0363714])
4.03033 ; ([0.28547, 0.435096] ; [0.0253927, 0.0362459])
4.04913 ; ([0.283863, 0.433588] ; [0.0252525, 0.0361209])
4.06793 ; ([0.282265, 0.432085] ; [0.0251131, 0.0359963])
4.08673 ; ([0.280676, 0.430587] ; [0.0249744, 0.0358722])
4.10552 ; ([0.279096, 0.429096] ; [0.0248364, 0.0357485])
4.1243 ; ([0.277524, 0.42761] ; [0.0246991, 0.0356253])
4.14308 ; ([0.27596, 0.42613] ; [0.0245626, 0.0355025])
4.16185 ; ([0.274405, 0.424655] ; [0.0244268, 0.0353801])
4.18061 ; ([0.272859, 0.423186] ; [0.0242916, 0.0352582])
4.19937 ; ([0.271321, 0.421722] ; [0.0241572, 0.0351367])
4.21813 ; ([0.269791, 0.420264] ; [0.0240235, 0.0350157])
4.23688 ; ([0.26827, 0.418811] ; [0.0238906, 0.0348951])
4.25563 ; ([0.266757, 0.417364] ; [0.0237583, 0.034775])
4.27437 ; ([0.265252, 0.415922] ; [0.0236267, 0.0346552])
4.2931 ; ([0.263755, 0.414486] ; [0.0234957, 0.0345359])
4.31183 ; ([0.262266, 0.413055] ; [0.0233655, 0.0344171])
4.33056 ; ([0.260785, 0.411629] ; [0.023236, 0.0342986])
4.34928 ; ([0.259312, 0.410208] ; [0.0231071, 0.0341806])
4.36799 ; ([0.257847, 0.408793] ; [0.0229789, 0.034063])
4.3867 ; ([0.25639, 0.407383] ; [0.0228514, 0.0339458])
4.40541 ; ([0.254941, 0.405978] ; [0.0227245, 0.0338291])
4.42411 ; ([0.2535, 0.404579] ; [0.0225984, 0.0337128])
4.44281 ; ([0.252066, 0.403184] ; [0.0224728, 0.0335969])
4.4615 ; ([0.25064, 0.401795] ; [0.022348, 0.0334814])
4.48019 ; ([0.249222, 0.400411] ; [0.0222238, 0.0333663])
4.49887 ; ([0.247811, 0.399032] ; [0.0221002, 0.0332516])
4.51756 ; ([0.246408, 0.397658] ; [0.0219773, 0.0331374])
4.53623 ; ([0.245012, 0.396289] ; [0.021855, 0.0330235])
4.5549 ; ([0.243624, 0.394925] ; [0.0217334, 0.0329101])
4.57357 ; ([0.242244, 0.393566] ; [0.0216124, 0.0327971])
4.59224 ; ([0.24087, 0.392212] ; [0.021492, 0.0326845])
4.6109 ; ([0.239504, 0.390863] ; [0.0213723, 0.0325722])
4.62955 ; ([0.238145, 0.389519] ; [0.0212532, 0.0324604])
4.64821 ; ([0.236794, 0.38818] ; [0.0211347, 0.032349])
4.66685 ; ([0.235449, 0.386845] ; [0.0210168, 0.032238])
4.6855 ; ([0.234112, 0.385516] ; [0.0208996, 0.0321274])
4.70414 ; ([0.232782, 0.384191] ; [0.0207829, 0.0320171])
4.72278 ; ([0.231459, 0.382871] ; [0.0206669, 0.0319073])
4.74142 ; ([0.230143, 0.381556] ; [0.0205515, 0.0317979])
4.76005 ; ([0.228834, 0.380246] ; [0.0204367, 0.0316888])
4.77868 ; ([0.227532, 0.37894] ; [0.0203225, 0.0315801])
4.7973 ; ([0.226237, 0.37764] ; [0.0202088, 0.0314719])
4.81592 ; ([0.224949, 0.376343] ; [0.0200958, 0.031364])
4.83454 ; ([0.223667, 0.375052] ; [0.0199834, 0.0312565])
4.85316 ; ([0.222393, 0.373765] ; [0.0198715, 0.0311493])
4.87177 ; ([0.221125, 0.372483] ; [0.0197602, 0.0310426])
4.89038 ; ([0.219864, 0.371205] ; [0.0196495, 0.0309362])
4.90899 ; ([0.218609, 0.369932] ; [0.0195394, 0.0308302])
4.92759 ; ([0.217361, 0.368664] ; [0.0194299, 0.0307246])
4.9462 ; ([0.21612, 0.3674] ; [0.0193209, 0.0306194])
4.96479 ; ([0.214885, 0.36614] ; [0.0192125, 0.0305145])
4.98339 ; ([0.213657, 0.364885] ; [0.0191047, 0.03041])
5.00198 ; ([0.212436, 0.363635] ; [0.0189974, 0.0303059])
5.02058 ; ([0.21122, 0.362389] ; [0.0188906, 0.0302021])
5.03916 ; ([0.210011, 0.361147] ; [0.0187845, 0.0300987])
5.05775 ; ([0.208809, 0.35991] ; [0.0186789, 0.0299957])
5.07634 ; ([0.207613, 0.358677] ; [0.0185738, 0.029893])
5.09492 ; ([0.206423, 0.357449] ; [0.0184693, 0.0297907])
5.1135 ; ([0.205239, 0.356225] ; [0.0183653, 0.0296888])
5.13207 ; ([0.204062, 0.355005] ; [0.0182619, 0.0295872])
5.15065 ; ([0.202891, 0.35379] ; [0.018159, 0.029486])
5.16922 ; ([0.201726, 0.352579] ; [0.0180566, 0.0293851])
5.18779 ; ([0.200567, 0.351372] ; [0.0179548, 0.0292846])
5.20636 ; ([0.199414, 0.350169] ; [0.0178535, 0.0291844])
5.22493 ; ([0.198268, 0.348971] ; [0.0177527, 0.0290846])
5.24349 ; ([0.197127, 0.347777] ; [0.0176524, 0.0289851])
5.26206 ; ([0.195992, 0.346587] ; [0.0175527, 0.028886])
5.28062 ; ([0.194863, 0.345402] ; [0.0174534, 0.0287873])
5.29918 ; ([0.193741, 0.34422] ; [0.0173547, 0.0286888])
5.31774 ; ([0.192624, 0.343043] ; [0.0172565, 0.0285908])
5.3363 ; ([0.191512, 0.341869] ; [0.0171589, 0.028493])
5.35485 ; ([0.190407, 0.3407] ; [0.0170617, 0.0283956])
5.3734 ; ([0.189308, 0.339535] ; [0.016965, 0.0282986])
5.39196 ; ([0.188214, 0.338374] ; [0.0168688, 0.0282018])
5.41051 ; ([0.187126, 0.337217] ; [0.0167731, 0.0281055])
5.42906 ; ([0.186044, 0.336065] ; [0.0166779, 0.0280094])
5.4476 ; ([0.184967, 0.334916] ; [0.0165832, 0.0279137])
5.46615 ; ([0.183896, 0.333771] ; [0.016489, 0.0278183])
5.4847 ; ([0.182831, 0.33263] ; [0.0163953, 0.0277233])
5.50324 ; ([0.181771, 0.331493] ; [0.0163021, 0.0276285])
5.52178 ; ([0.180717, 0.33036] ; [0.0162093, 0.0275341])
5.54033 ; ([0.179668, 0.329231] ; [0.0161171, 0.0274401])
5.55887 ; ([0.178625, 0.328106] ; [0.0160253, 0.0273463])
5.57741 ; ([0.177587, 0.326985] ; [0.0159339, 0.0272529])
5.59595 ; ([0.176554, 0.325868] ; [0.0158431, 0.0271598])
5.61449 ; ([0.175527, 0.324755] ; [0.0157527, 0.0270671])
5.63302 ; ([0.174506, 0.323645] ; [0.0156628, 0.0269746])
5.65156 ; ([0.173489, 0.322539] ; [0.0155734, 0.0268825])
5.6701 ; ([0.172478, 0.321438] ; [0.0154844, 0.0267907])
5.68863 ; ([0.171472, 0.320339] ; [0.0153958, 0.0266992])
5.70717 ; ([0.170472, 0.319245] ; [0.0153078, 0.026608])
5.7257 ; ([0.169477, 0.318155] ; [0.0152201, 0.0265171])
5.74423 ; ([0.168487, 0.317068] ; [0.015133, 0.0264266])
5.76277 ; ([0.167502, 0.315985] ; [0.0150463, 0.0263363])
5.7813 ; ([0.166522, 0.314906] ; [0.01496, 0.0262464])
5.79983 ; ([0.165547, 0.31383] ; [0.0148742, 0.0261568])
5.81836 ; ([0.164577, 0.312758] ; [0.0147888, 0.0260674])
5.83689 ; ([0.163613, 0.31169] ; [0.0147038, 0.0259784])
5.85542 ; ([0.162653, 0.310626] ; [0.0146193, 0.0258897])
5.87395 ; ([0.161699, 0.309565] ; [0.0145353, 0.0258013])
5.89248 ; ([0.160749, 0.308508] ; [0.0144516, 0.0257132])
5.91101 ; ([0.159805, 0.307454] ; [0.0143684, 0.0256254])
5.92954 ; ([0.158865, 0.306404] ; [0.0142856, 0.0255379])
5.94807 ; ([0.15793, 0.305358] ; [0.0142033, 0.0254507])
5.9666 ; ([0.157, 0.304315] ; [0.0141214, 0.0253638])
5.98513 ; ([0.156075, 0.303276] ; [0.0140399, 0.0252772])
6.00366 ; ([0.155155, 0.30224] ; [0.0139588, 0.0251909])
6.02219 ; ([0.154239, 0.301208] ; [0.0138781, 0.0251049])
6.04072 ; ([0.153329, 0.300179] ; [0.0137979, 0.0250191])
6.05925 ; ([0.152423, 0.299154] ; [0.013718, 0.0249337])
6.07778 ; ([0.151521, 0.298132] ; [0.0136386, 0.0248486])
6.09631 ; ([0.150625, 0.297114] ; [0.0135596, 0.0247637])
6.11485 ; ([0.149733, 0.2961] ; [0.013481, 0.0246792])
6.13338 ; ([0.148845, 0.295088] ; [0.0134027, 0.0245949])
6.15191 ; ([0.147963, 0.29408] ; [0.0133249, 0.0245109])
6.17044 ; ([0.147085, 0.293076] ; [0.0132475, 0.0244272])
6.18897 ; ([0.146211, 0.292075] ; [0.0131705, 0.0243438])
6.2075 ; ([0.145342, 0.291078] ; [0.0130939, 0.0242606])
6.22604 ; ([0.144478, 0.290083] ; [0.0130177, 0.0241778])
6.24457 ; ([0.143618, 0.289092] ; [0.0129419, 0.0240952])
6.26311 ; ([0.142762, 0.288105] ; [0.0128664, 0.0240129])
6.28164 ; ([0.141911, 0.287121] ; [0.0127914, 0.0239309])
6.30018 ; ([0.141065, 0.28614] ; [0.0127167, 0.0238491])
6.31871 ; ([0.140222, 0.285162] ; [0.0126424, 0.0237677])
6.33725 ; ([0.139385, 0.284188] ; [0.0125685, 0.0236865])
6.35579 ; ([0.138551, 0.283217] ; [0.012495, 0.0236055])
6.37432 ; ([0.137722, 0.28225] ; [0.0124219, 0.0235249])
6.39286 ; ([0.136897, 0.281285] ; [0.0123491, 0.0234445])
6.4114 ; ([0.136077, 0.280324] ; [0.0122767, 0.0233644])
6.42995 ; ([0.13526, 0.279366] ; [0.0122047, 0.0232846])
6.44849 ; ([0.134448, 0.278412] ; [0.0121331, 0.023205])
6.46703 ; ([0.13364, 0.27746] ; [0.0120618, 0.0231257])
6.48557 ; ([0.132837, 0.276512] ; [0.0119909, 0.0230467])
6.50412 ; ([0.132037, 0.275567] ; [0.0119204, 0.0229679])
6.52267 ; ([0.131242, 0.274625] ; [0.0118502, 0.0228894])
6.54121 ; ([0.130451, 0.273686] ; [0.0117804, 0.0228112])
6.55976 ; ([0.129664, 0.272751] ; [0.0117109, 0.0227332])
6.57831 ; ([0.128881, 0.271818] ; [0.0116418, 0.0226555])
6.59686 ; ([0.128102, 0.270889] ; [0.011573, 0.022578])
6.61541 ; ([0.127327, 0.269963] ; [0.0115046, 0.0225008])
6.63397 ; ([0.126557, 0.26904] ; [0.0114366, 0.0224239])
6.65252 ; ([0.12579, 0.26812] ; [0.0113689, 0.0223472])
6.67108 ; ([0.125027, 0.267203] ; [0.0113016, 0.0222708])
6.68964 ; ([0.124268, 0.266289] ; [0.0112346, 0.0221946])
6.7082 ; ([0.123513, 0.265378] ; [0.0111679, 0.0221187])
6.72676 ; ([0.122763, 0.26447] ; [0.0111016, 0.0220431])
6.74532 ; ([0.122016, 0.263565] ; [0.0110356, 0.0219677])
6.76388 ; ([0.121272, 0.262664] ; [0.01097, 0.0218925])
6.78245 ; ([0.120533, 0.261765] ; [0.0109047, 0.0218176])
6.80101 ; ([0.119798, 0.260869] ; [0.0108398, 0.021743])
6.81958 ; ([0.119066, 0.259977] ; [0.0107751, 0.0216686])
6.83815 ; ([0.118338, 0.259087] ; [0.0107109, 0.0215944])
6.85672 ; ([0.117614, 0.2582] ; [0.0106469, 0.0215205])
6.8753 ; ([0.116894, 0.257316] ; [0.0105833, 0.0214468])
6.89387 ; ([0.116178, 0.256435] ; [0.01052, 0.0213734])
6.91245 ; ([0.115465, 0.255557] ; [0.010457, 0.0213002])
6.93103 ; ([0.114756, 0.254682] ; [0.0103943, 0.0212273])
6.94961 ; ([0.114051, 0.25381] ; [0.010332, 0.0211546])
6.96819 ; ([0.113349, 0.252941] ; [0.01027, 0.0210822])
6.98678 ; ([0.112651, 0.252075] ; [0.0102083, 0.02101])
7.00536 ; ([0.111957, 0.251211] ; [0.010147, 0.020938])
7.02395 ; ([0.111266, 0.250351] ; [0.0100859, 0.0208663])
7.04254 ; ([0.110579, 0.249493] ; [0.0100252, 0.0207948])
7.06114 ; ([0.109895, 0.248638] ; [0.00996474, 0.0207235])
7.07973 ; ([0.109216, 0.247786] ; [0.00990463, 0.0206525])
7.09833 ; ([0.108539, 0.246937] ; [0.00984483, 0.0205817])
7.11693 ; ([0.107866, 0.24609] ; [0.00978533, 0.0205112])
7.13553 ; ([0.107197, 0.245247] ; [0.00972615, 0.0204409])
7.15413 ; ([0.106531, 0.244406] ; [0.00966727, 0.0203708])
7.17274 ; ([0.105869, 0.243568] ; [0.00960869, 0.0203009])
7.19135 ; ([0.10521, 0.242732] ; [0.00955041, 0.0202313])
7.20996 ; ([0.104554, 0.2419] ; [0.00949244, 0.0201619])
7.22857 ; ([0.103902, 0.24107] ; [0.00943477, 0.0200928])
7.24718 ; ([0.103254, 0.240243] ; [0.00937739, 0.0200238])
7.2658 ; ([0.102608, 0.239419] ; [0.00932031, 0.0199551])
7.28442 ; ([0.101966, 0.238597] ; [0.00926352, 0.0198866])
7.30304 ; ([0.101328, 0.237778] ; [0.00920703, 0.0198184])
7.32167 ; ([0.100693, 0.236962] ; [0.00915083, 0.0197504])
7.3403 ; ([0.100061, 0.236149] ; [0.00909492, 0.0196826])
7.35893 ; ([0.0994323, 0.235338] ; [0.0090393, 0.019615])
7.37756 ; ([0.098807, 0.23453] ; [0.00898397, 0.0195476])
7.3962 ; ([0.098185, 0.233724] ; [0.00892892, 0.0194805])
7.41483 ; ([0.0975663, 0.232921] ; [0.00887416, 0.0194136])
7.43347 ; ([0.0969508, 0.232121] ; [0.00881968, 0.0193469])
7.45212 ; ([0.0963386, 0.231324] ; [0.00876549, 0.0192804])
7.47076 ; ([0.0957295, 0.230529] ; [0.00871157, 0.0192142])
7.48941 ; ([0.0951237, 0.229736] ; [0.00865793, 0.0191481])
7.50807 ; ([0.094521, 0.228947] ; [0.00860458, 0.0190823])
7.52672 ; ([0.0939215, 0.228159] ; [0.00855149, 0.0190167])
7.54538 ; ([0.0933251, 0.227375] ; [0.00849869, 0.0189513])
7.56404 ; ([0.0927319, 0.226593] ; [0.00844615, 0.0188861])
7.5827 ; ([0.0921418, 0.225814] ; [0.00839389, 0.0188212])
7.60137 ; ([0.0915547, 0.225037] ; [0.0083419, 0.0187564])
7.62004 ; ([0.0909708, 0.224263] ; [0.00829019, 0.0186919])
7.63871 ; ([0.0903899, 0.223491] ; [0.00823873, 0.0186276])
7.65738 ; ([0.0898121, 0.222722] ; [0.00818755, 0.0185635])
7.67606 ; ([0.0892374, 0.221955] ; [0.00813663, 0.0184996])
7.69474 ; ([0.0886656, 0.221191] ; [0.00808598, 0.0184359])
7.71343 ; ([0.0880969, 0.220429] ; [0.00803559, 0.0183724])
7.73212 ; ([0.0875311, 0.21967] ; [0.00798546, 0.0183091])
7.75081 ; ([0.0869684, 0.218913] ; [0.00793559, 0.018246])
7.7695 ; ([0.0864086, 0.218159] ; [0.00788598, 0.0181832])
7.7882 ; ([0.0858517, 0.217407] ; [0.00783663, 0.0181205])
7.8069 ; ([0.0852978, 0.216658] ; [0.00778754, 0.0180581])
7.8256 ; ([0.0847468, 0.215911] ; [0.0077387, 0.0179958])
7.84431 ; ([0.0841987, 0.215167] ; [0.00769011, 0.0179338])
7.86302 ; ([0.0836535, 0.214425] ; [0.00764178, 0.0178719])
7.88174 ; ([0.0831112, 0.213685] ; [0.0075937, 0.0178103])
7.90045 ; ([0.0825718, 0.212948] ; [0.00754587, 0.0177489])
7.91917 ; ([0.0820352, 0.212214] ; [0.00749829, 0.0176876])
7.9379 ; ([0.0815014, 0.211481] ; [0.00745096, 0.0176266])
7.95663 ; ([0.0809704, 0.210751] ; [0.00740388, 0.0175658])
7.97536 ; ([0.0804423, 0.210024] ; [0.00735704, 0.0175051])
7.99409 ; ([0.079917, 0.209299] ; [0.00731044, 0.0174447])
8.01283 ; ([0.0793944, 0.208576] ; [0.00726409, 0.0173844])
8.03157 ; ([0.0788746, 0.207855] ; [0.00721798, 0.0173244])
8.05032 ; ([0.0783576, 0.207137] ; [0.00717211, 0.0172645])
8.06907 ; ([0.0778433, 0.206422] ; [0.00712649, 0.0172049])
8.08782 ; ([0.0773317, 0.205708] ; [0.0070811, 0.0171454])
8.10658 ; ([0.0768228, 0.204997] ; [0.00703594, 0.0170862])
8.12534 ; ([0.0763167, 0.204288] ; [0.00699103, 0.0170271])
8.1441 ; ([0.0758132, 0.203582] ; [0.00694635, 0.0169682])
8.16287 ; ([0.0753124, 0.202878] ; [0.0069019, 0.0169095])
8.18164 ; ([0.0748142, 0.202176] ; [0.00685769, 0.016851])
8.20042 ; ([0.0743187, 0.201476] ; [0.0068137, 0.0167927])
8.2192 ; ([0.0738259, 0.200779] ; [0.00676995, 0.0167346])
8.23798 ; ([0.0733356, 0.200084] ; [0.00672643, 0.0166767])
8.25677 ; ([0.072848, 0.199391] ; [0.00668314, 0.0166189])
8.27556 ; ([0.072363, 0.198701] ; [0.00664007, 0.0165614])
8.29435 ; ([0.0718805, 0.198012] ; [0.00659723, 0.016504])
8.31315 ; ([0.0714006, 0.197326] ; [0.00655461, 0.0164468])
8.33196 ; ([0.0709233, 0.196643] ; [0.00651222, 0.0163898])
8.35076 ; ([0.0704485, 0.195961] ; [0.00647005, 0.016333])
8.36958 ; ([0.0699763, 0.195282] ; [0.0064281, 0.0162764])
8.38839 ; ([0.0695066, 0.194605] ; [0.00638638, 0.01622])
8.40721 ; ([0.0690393, 0.19393] ; [0.00634487, 0.0161637])
8.42603 ; ([0.0685746, 0.193257] ; [0.00630358, 0.0161076])
8.44486 ; ([0.0681124, 0.192586] ; [0.00626251, 0.0160517])
8.46369 ; ([0.0676526, 0.191918] ; [0.00622166, 0.015996])
8.48253 ; ([0.0671953, 0.191252] ; [0.00618102, 0.0159405])
8.50137 ; ([0.0667405, 0.190588] ; [0.0061406, 0.0158851])
8.52022 ; ([0.066288, 0.189926] ; [0.00610038, 0.01583])
8.53907 ; ([0.065838, 0.189266] ; [0.00606039, 0.015775])
8.55792 ; ([0.0653905, 0.188608] ; [0.0060206, 0.0157202])
8.57678 ; ([0.0649453, 0.187953] ; [0.00598102, 0.0156655])
8.59564 ; ([0.0645025, 0.187299] ; [0.00594165, 0.0156111])
8.61451 ; ([0.0640621, 0.186648] ; [0.00590249, 0.0155568])
8.63338 ; ([0.063624, 0.185999] ; [0.00586354, 0.0155027])
8.65225 ; ([0.0631883, 0.185352] ; [0.00582479, 0.0154488])
8.67113 ; ([0.062755, 0.184707] ; [0.00578625, 0.015395])
8.69002 ; ([0.0623239, 0.184064] ; [0.00574792, 0.0153414])
8.70891 ; ([0.0618952, 0.183424] ; [0.00570978, 0.015288])
8.7278 ; ([0.0614688, 0.182785] ; [0.00567185, 0.0152348])
8.7467 ; ([0.0610447, 0.182148] ; [0.00563412, 0.0151817])
8.7656 ; ([0.0606229, 0.181514] ; [0.00559659, 0.0151289])
8.78451 ; ([0.0602034, 0.180881] ; [0.00555926, 0.0150761])
8.80342 ; ([0.0597861, 0.180251] ; [0.00552213, 0.0150236])
8.82234 ; ([0.0593711, 0.179622] ; [0.0054852, 0.0149712])
8.84126 ; ([0.0589583, 0.178996] ; [0.00544846, 0.014919])
8.86019 ; ([0.0585478, 0.178372] ; [0.00541192, 0.014867])
8.87912 ; ([0.0581394, 0.177749] ; [0.00537557, 0.0148151])
8.89805 ; ([0.0577333, 0.177129] ; [0.00533941, 0.0147634])
8.917 ; ([0.0573294, 0.176511] ; [0.00530345, 0.0147119])
8.93594 ; ([0.0569277, 0.175895] ; [0.00526768, 0.0146605])
8.95489 ; ([0.0565281, 0.17528] ; [0.00523211, 0.0146093])
8.97385 ; ([0.0561308, 0.174668] ; [0.00519672, 0.0145583])
8.99281 ; ([0.0557355, 0.174058] ; [0.00516152, 0.0145074])
9.01177 ; ([0.0553424, 0.173449] ; [0.00512651, 0.0144567])
9.03074 ; ([0.0549515, 0.172843] ; [0.00509168, 0.0144062])
9.04972 ; ([0.0545627, 0.172238] ; [0.00505704, 0.0143558])
9.0687 ; ([0.054176, 0.171636] ; [0.00502259, 0.0143056])
9.08768 ; ([0.0537914, 0.171036] ; [0.00498832, 0.0142555])
9.10667 ; ([0.0534089, 0.170437] ; [0.00495424, 0.0142056])
9.12567 ; ([0.0530285, 0.16984] ; [0.00492034, 0.0141559])
9.14467 ; ([0.0526501, 0.169246] ; [0.00488662, 0.0141063])
9.16367 ; ([0.0522739, 0.168653] ; [0.00485308, 0.0140569])
9.18269 ; ([0.0518996, 0.168062] ; [0.00481972, 0.0140077])
9.2017 ; ([0.0515275, 0.167473] ; [0.00478654, 0.0139586])
9.22072 ; ([0.0511573, 0.166886] ; [0.00475354, 0.0139097])
9.23975 ; ([0.0507892, 0.166301] ; [0.00472072, 0.0138609])
9.25878 ; ([0.0504231, 0.165717] ; [0.00468808, 0.0138123])
9.27782 ; ([0.050059, 0.165136] ; [0.00465561, 0.0137638])
9.29686 ; ([0.0496969, 0.164557] ; [0.00462331, 0.0137155])
9.31591 ; ([0.0493368, 0.163979] ; [0.00459119, 0.0136674])
9.33496 ; ([0.0489786, 0.163403] ; [0.00455924, 0.0136194])
9.35402 ; ([0.0486225, 0.162829] ; [0.00452747, 0.0135715])
9.37308 ; ([0.0482683, 0.162257] ; [0.00449586, 0.0135239])
9.39215 ; ([0.047916, 0.161687] ; [0.00446443, 0.0134763])
9.41122 ; ([0.0475657, 0.161119] ; [0.00443317, 0.013429])
9.4303 ; ([0.0472173, 0.160552] ; [0.00440208, 0.0133818])
9.44939 ; ([0.0468708, 0.159987] ; [0.00437115, 0.0133347])
9.46848 ; ([0.0465262, 0.159425] ; [0.00434039, 0.0132878])
9.48758 ; ([0.0461836, 0.158864] ; [0.0043098, 0.013241])
9.50668 ; ([0.0458428, 0.158304] ; [0.00427938, 0.0131944])
9.52579 ; ([0.0455039, 0.157747] ; [0.00424912, 0.0131479])
9.5449 ; ([0.0451669, 0.157191] ; [0.00421903, 0.0131016])
9.56402 ; ([0.0448317, 0.156637] ; [0.0041891, 0.0130555])
9.58314 ; ([0.0444984, 0.156085] ; [0.00415933, 0.0130094])
9.60227 ; ([0.044167, 0.155535] ; [0.00412972, 0.0129636])
9.62141 ; ([0.0438374, 0.154987] ; [0.00410028, 0.0129179])
9.64055 ; ([0.0435096, 0.15444] ; [0.00407099, 0.0128723])
9.6597 ; ([0.0431836, 0.153895] ; [0.00404187, 0.0128269])
9.67885 ; ([0.0428595, 0.153352] ; [0.0040129, 0.0127816])
9.69801 ; ([0.0425371, 0.15281] ; [0.0039841, 0.0127365])
9.71717 ; ([0.0422166, 0.152271] ; [0.00395545, 0.0126915])
9.73634 ; ([0.0418978, 0.151733] ; [0.00392695, 0.0126467])
9.75552 ; ([0.0415808, 0.151196] ; [0.00389862, 0.012602])
9.7747 ; ([0.0412656, 0.150662] ; [0.00387044, 0.0125574])
9.79389 ; ([0.0409521, 0.150129] ; [0.00384241, 0.012513])
9.81309 ; ([0.0406404, 0.149598] ; [0.00381454, 0.0124688])
9.83229 ; ([0.0403304, 0.149069] ; [0.00378682, 0.0124246])
9.85149 ; ([0.0400222, 0.148541] ; [0.00375925, 0.0123807])
9.8707 ; ([0.0397157, 0.148015] ; [0.00373183, 0.0123368])
9.88992 ; ([0.0394109, 0.147491] ; [0.00370457, 0.0122931])
9.90915 ; ([0.0391078, 0.146969] ; [0.00367745, 0.0122496])
9.92838 ; ([0.0388064, 0.146448] ; [0.00365048, 0.0122062])
9.94761 ; ([0.0385067, 0.145929] ; [0.00362367, 0.0121629])
9.96685 ; ([0.0382087, 0.145411] ; [0.003597, 0.0121198])
9.9861 ; ([0.0379124, 0.144895] ; [0.00357047, 0.0120768])
10.0054 ; ([0.0376178, 0.144381] ; [0.0035441, 0.0120339])
10.0246 ; ([0.0373248, 0.143869] ; [0.00351787, 0.0119912])
10.0439 ; ([0.0370334, 0.143358] ; [0.00349178, 0.0119486])
10.0632 ; ([0.0367437, 0.142849] ; [0.00346584, 0.0119062])
10.0824 ; ([0.0364556, 0.142341] ; [0.00344005, 0.0118639])
10.1017 ; ([0.0361692, 0.141835] ; [0.00341439, 0.0118217])
10.121 ; ([0.0358844, 0.141331] ; [0.00338888, 0.0117797])
10.1403 ; ([0.0356012, 0.140828] ; [0.00336351, 0.0117378])
10.1596 ; ([0.0353196, 0.140327] ; [0.00333828, 0.011696])
10.1789 ; ([0.0350396, 0.139828] ; [0.0033132, 0.0116544])
10.1982 ; ([0.0347612, 0.13933] ; [0.00328825, 0.0116129])
10.2176 ; ([0.0344843, 0.138834] ; [0.00326344, 0.0115716])
10.2369 ; ([0.0342091, 0.138339] ; [0.00323877, 0.0115304])
10.2562 ; ([0.0339354, 0.137847] ; [0.00321423, 0.0114893])
10.2756 ; ([0.0336632, 0.137355] ; [0.00318984, 0.0114483])
10.2949 ; ([0.0333927, 0.136865] ; [0.00316558, 0.0114075])
10.3143 ; ([0.0331236, 0.136377] ; [0.00314145, 0.0113668])
10.3337 ; ([0.0328561, 0.135891] ; [0.00311746, 0.0113262])
10.353 ; ([0.0325901, 0.135405] ; [0.00309361, 0.0112858])
10.3724 ; ([0.0323257, 0.134922] ; [0.00306989, 0.0112455])
10.3918 ; ([0.0320628, 0.13444] ; [0.0030463, 0.0112054])
10.4112 ; ([0.0318013, 0.13396] ; [0.00302284, 0.0111653])
10.4306 ; ([0.0315414, 0.133481] ; [0.00299952, 0.0111254])
10.45 ; ([0.031283, 0.133004] ; [0.00297633, 0.0110856])
10.4694 ; ([0.031026, 0.132528] ; [0.00295326, 0.011046])
10.4888 ; ([0.0307705, 0.132054] ; [0.00293033, 0.0110065])
10.5082 ; ([0.0305165, 0.131581] ; [0.00290753, 0.0109671])
10.5276 ; ([0.030264, 0.13111] ; [0.00288486, 0.0109278])
10.5471 ; ([0.0300129, 0.13064] ; [0.00286231, 0.0108886])
10.5665 ; ([0.0297633, 0.130172] ; [0.00283989, 0.0108496])
10.586 ; ([0.0295151, 0.129706] ; [0.0028176, 0.0108107])
10.6054 ; ([0.0292683, 0.129241] ; [0.00279543, 0.010772])
10.6249 ; ([0.029023, 0.128777] ; [0.00277339, 0.0107333])
10.6444 ; ([0.0287791, 0.128315] ; [0.00275148, 0.0106948])
10.6638 ; ([0.0285366, 0.127854] ; [0.00272969, 0.0106564])
10.6833 ; ([0.0282955, 0.127395] ; [0.00270802, 0.0106182])
10.7028 ; ([0.0280558, 0.126938] ; [0.00268648, 0.01058])
10.7223 ; ([0.0278175, 0.126482] ; [0.00266506, 0.010542])
10.7418 ; ([0.0275806, 0.126027] ; [0.00264376, 0.0105041])
10.7613 ; ([0.0273451, 0.125574] ; [0.00262258, 0.0104664])
10.7809 ; ([0.0271109, 0.125122] ; [0.00260153, 0.0104287])
10.8004 ; ([0.0268781, 0.124672] ; [0.00258059, 0.0103912])
10.8199 ; ([0.0266467, 0.124223] ; [0.00255977, 0.0103538])
10.8395 ; ([0.0264166, 0.123776] ; [0.00253908, 0.0103165])
10.859 ; ([0.0261879, 0.12333] ; [0.0025185, 0.0102793])
10.8786 ; ([0.0259605, 0.122885] ; [0.00249804, 0.0102423])
10.8981 ; ([0.0257345, 0.122442] ; [0.00247769, 0.0102054])
10.9177 ; ([0.0255098, 0.122001] ; [0.00245747, 0.0101686])
10.9373 ; ([0.0252864, 0.121561] ; [0.00243736, 0.0101319])
10.9569 ; ([0.0250643, 0.121122] ; [0.00241736, 0.0100953])
10.9764 ; ([0.0248435, 0.120685] ; [0.00239748, 0.0100589])
10.996 ; ([0.024624, 0.120249] ; [0.00237772, 0.0100225])
11.0157 ; ([0.0244059, 0.119814] ; [0.00235807, 0.00998633])
11.0353 ; ([0.024189, 0.119381] ; [0.00233853, 0.00995023])
11.0549 ; ([0.0239734, 0.11895] ; [0.00231911, 0.00991426])
11.0745 ; ([0.023759, 0.118519] ; [0.0022998, 0.0098784])
11.0941 ; ([0.023546, 0.118091] ; [0.0022806, 0.00984265])
11.1138 ; ([0.0233342, 0.117663] ; [0.00226151, 0.00980702])
11.1334 ; ([0.0231237, 0.117237] ; [0.00224253, 0.00977151])
11.1531 ; ([0.0229144, 0.116812] ; [0.00222366, 0.00973611])
11.1728 ; ([0.0227063, 0.116389] ; [0.00220491, 0.00970083])
11.1924 ; ([0.0224995, 0.115967] ; [0.00218626, 0.00966566])
11.2121 ; ([0.022294, 0.115547] ; [0.00216772, 0.00963061])
11.2318 ; ([0.0220896, 0.115127] ; [0.00214929, 0.00959567])
11.2515 ; ([0.0218865, 0.114709] ; [0.00213096, 0.00956084])
11.2712 ; ([0.0216846, 0.114293] ; [0.00211275, 0.00952612])
11.2909 ; ([0.0214839, 0.113878] ; [0.00209464, 0.00949152])
11.3106 ; ([0.0212844, 0.113464] ; [0.00207663, 0.00945703])
11.3304 ; ([0.0210862, 0.113052] ; [0.00205873, 0.00942266])
11.3501 ; ([0.0208891, 0.11264] ; [0.00204094, 0.00938839])
11.3698 ; ([0.0206932, 0.112231] ; [0.00202325, 0.00935423])
11.3896 ; ([0.0204984, 0.111822] ; [0.00200567, 0.00932019])
11.4093 ; ([0.0203049, 0.111415] ; [0.00198819, 0.00928626])
11.4291 ; ([0.0201125, 0.111009] ; [0.00197081, 0.00925244])
11.4489 ; ([0.0199213, 0.110605] ; [0.00195353, 0.00921872])
11.4687 ; ([0.0197312, 0.110202] ; [0.00193636, 0.00918512])
11.4885 ; ([0.0195423, 0.1098] ; [0.00191929, 0.00915162])
11.5083 ; ([0.0193545, 0.109399] ; [0.00190231, 0.00911824])
11.5281 ; ([0.0191679, 0.109] ; [0.00188544, 0.00908496])
11.5479 ; ([0.0189824, 0.108602] ; [0.00186867, 0.00905179])
11.5677 ; ([0.018798, 0.108205] ; [0.001852, 0.00901873])
11.5875 ; ([0.0186148, 0.10781] ; [0.00183543, 0.00898578])
11.6074 ; ([0.0184327, 0.107416] ; [0.00181896, 0.00895293])
11.6272 ; ([0.0182517, 0.107023] ; [0.00180258, 0.00892019])
11.647 ; ([0.0180718, 0.106632] ; [0.0017863, 0.00888756])
11.6669 ; ([0.017893, 0.106241] ; [0.00177012, 0.00885504])
11.6868 ; ([0.0177153, 0.105852] ; [0.00175404, 0.00882261])
11.7067 ; ([0.0175387, 0.105465] ; [0.00173805, 0.0087903])
11.7265 ; ([0.0173632, 0.105078] ; [0.00172216, 0.00875809])
11.7464 ; ([0.0171887, 0.104693] ; [0.00170636, 0.00872598])
11.7663 ; ([0.0170153, 0.104309] ; [0.00169066, 0.00869398])
11.7862 ; ([0.016843, 0.103926] ; [0.00167506, 0.00866209])
11.8062 ; ([0.0166718, 0.103545] ; [0.00165954, 0.0086303])
11.8261 ; ([0.0165016, 0.103165] ; [0.00164412, 0.00859861])
11.846 ; ([0.0163325, 0.102786] ; [0.0016288, 0.00856702])
11.866 ; ([0.0161644, 0.102408] ; [0.00161356, 0.00853554])
11.8859 ; ([0.0159974, 0.102032] ; [0.00159842, 0.00850416])
11.9059 ; ([0.0158314, 0.101656] ; [0.00158337, 0.00847288])
11.9258 ; ([0.0156664, 0.101282] ; [0.00156841, 0.00844171])
11.9458 ; ([0.0155025, 0.100909] ; [0.00155354, 0.00841063])
11.9658 ; ([0.0153396, 0.100538] ; [0.00153876, 0.00837966])
11.9858 ; ([0.0151777, 0.100167] ; [0.00152407, 0.00834879])
12.0058 ; ([0.0150168, 0.0997983] ; [0.00150947, 0.00831802])
12.0258 ; ([0.014857, 0.0994303] ; [0.00149496, 0.00828735])
12.0458 ; ([0.0146981, 0.0990636] ; [0.00148054, 0.00825678])
12.0658 ; ([0.0145402, 0.098698] ; [0.00146621, 0.00822631])
12.0859 ; ([0.0143834, 0.0983336] ; [0.00145196, 0.00819594])
12.1059 ; ([0.0142275, 0.0979704] ; [0.0014378, 0.00816567])
12.126 ; ([0.0140726, 0.0976084] ; [0.00142373, 0.0081355])
12.146 ; ([0.0139186, 0.0972476] ; [0.00140975, 0.00810542])
12.1661 ; ([0.0137657, 0.096888] ; [0.00139585, 0.00807545])
12.1862 ; ([0.0136137, 0.0965295] ; [0.00138203, 0.00804557])
12.2063 ; ([0.0134627, 0.0961722] ; [0.0013683, 0.00801579])
12.2264 ; ([0.0133126, 0.0958161] ; [0.00135466, 0.00798611])
12.2465 ; ([0.0131635, 0.0954612] ; [0.0013411, 0.00795653])
12.2666 ; ([0.0130154, 0.0951074] ; [0.00132762, 0.00792704])
12.2867 ; ([0.0128681, 0.0947547] ; [0.00131423, 0.00789765])
12.3068 ; ([0.0127219, 0.0944033] ; [0.00130092, 0.00786835])
12.327 ; ([0.0125765, 0.0940529] ; [0.00128769, 0.00783915])
12.3471 ; ([0.0124321, 0.0937037] ; [0.00127455, 0.00781005])
12.3673 ; ([0.0122886, 0.0933557] ; [0.00126149, 0.00778104])
12.3874 ; ([0.0121461, 0.0930088] ; [0.00124851, 0.00775213])
12.4076 ; ([0.0120044, 0.0926631] ; [0.0012356, 0.00772331])
12.4278 ; ([0.0118637, 0.0923184] ; [0.00122278, 0.00769458])
12.448 ; ([0.0117239, 0.0919749] ; [0.00121004, 0.00766595])
12.4682 ; ([0.0115849, 0.0916326] ; [0.00119738, 0.00763742])
12.4884 ; ([0.0114469, 0.0912913] ; [0.0011848, 0.00760898])
12.5086 ; ([0.0113098, 0.0909512] ; [0.0011723, 0.00758063])
12.5288 ; ([0.0111735, 0.0906122] ; [0.00115988, 0.00755237])
12.5491 ; ([0.0110382, 0.0902743] ; [0.00114754, 0.00752421])
12.5693 ; ([0.0109037, 0.0899375] ; [0.00113527, 0.00749614])
12.5896 ; ([0.0107701, 0.0896018] ; [0.00112308, 0.00746816])
12.6098 ; ([0.0106374, 0.0892672] ; [0.00111097, 0.00744027])
12.6301 ; ([0.0105055, 0.0889338] ; [0.00109893, 0.00741248])
12.6504 ; ([0.0103745, 0.0886014] ; [0.00108697, 0.00738478])
12.6707 ; ([0.0102444, 0.0882701] ; [0.00107509, 0.00735716])
12.691 ; ([0.0101151, 0.0879399] ; [0.00106328, 0.00732964])
12.7113 ; ([0.00998665, 0.0876108] ; [0.00105155, 0.00730221])
12.7316 ; ([0.00985906, 0.0872828] ; [0.00103989, 0.00727487])
12.752 ; ([0.00973231, 0.0869558] ; [0.00102831, 0.00724762])
12.7723 ; ([0.00960639, 0.0866299] ; [0.0010168, 0.00722046])
12.7926 ; ([0.00948131, 0.0863051] ; [0.00100536, 0.00719339])
12.813 ; ([0.00935706, 0.0859814] ; [0.000994001, 0.0071664])
12.8334 ; ([0.00923363, 0.0856587] ; [0.000982712, 0.00713951])
12.8537 ; ([0.00911103, 0.0853371] ; [0.000971495, 0.0071127])
12.8741 ; ([0.00898924, 0.0850166] ; [0.000960351, 0.00708599])
12.8945 ; ([0.00886826, 0.0846971] ; [0.000949278, 0.00705936])
12.9149 ; ([0.00874809, 0.0843787] ; [0.000938277, 0.00703282])
12.9353 ; ([0.00862872, 0.0840613] ; [0.000927347, 0.00700637])
12.9558 ; ([0.00851015, 0.083745] ; [0.000916488, 0.00698])
12.9762 ; ([0.00839238, 0.0834297] ; [0.000905699, 0.00695372])
12.9966 ; ([0.0082754, 0.0831154] ; [0.000894981, 0.00692753])
13.0171 ; ([0.0081592, 0.0828022] ; [0.000884332, 0.00690142])
13.0375 ; ([0.00804379, 0.08249] ; [0.000873752, 0.0068754])
13.058 ; ([0.00792916, 0.0821789] ; [0.000863242, 0.00684947])
13.0785 ; ([0.00781531, 0.0818688] ; [0.0008528, 0.00682362])
13.099 ; ([0.00770222, 0.0815597] ; [0.000842427, 0.00679786])
13.1195 ; ([0.00758991, 0.0812516] ; [0.000832121, 0.00677218])
13.14 ; ([0.00747836, 0.0809445] ; [0.000821883, 0.00674659])
13.1605 ; ([0.00736756, 0.0806385] ; [0.000811713, 0.00672108])
13.181 ; ([0.00725753, 0.0803335] ; [0.00080161, 0.00669566])
13.2016 ; ([0.00714824, 0.0800295] ; [0.000791573, 0.00667032])
13.2221 ; ([0.00703971, 0.0797265] ; [0.000781602, 0.00664507])
13.2427 ; ([0.00693191, 0.0794245] ; [0.000771698, 0.00661989])
13.2632 ; ([0.00682486, 0.0791235] ; [0.000761859, 0.00659481])
13.2838 ; ([0.00671855, 0.0788235] ; [0.000752085, 0.0065698])
13.3044 ; ([0.00661297, 0.0785244] ; [0.000742376, 0.00654488])
13.325 ; ([0.00650811, 0.0782264] ; [0.000732732, 0.00652004])
13.3456 ; ([0.00640399, 0.0779294] ; [0.000723153, 0.00649528])
13.3662 ; ([0.00630058, 0.0776333] ; [0.000713637, 0.00647061])
13.3869 ; ([0.00619789, 0.0773383] ; [0.000704185, 0.00644601])
13.4075 ; ([0.00609592, 0.0770442] ; [0.000694796, 0.0064215])
13.4281 ; ([0.00599466, 0.0767511] ; [0.00068547, 0.00639707])
13.4488 ; ([0.0058941, 0.076459] ; [0.000676207, 0.00637272])
13.4695 ; ([0.00579425, 0.0761678] ; [0.000667007, 0.00634846])
13.4901 ; ([0.0056951, 0.0758776] ; [0.000657868, 0.00632427])
13.5108 ; ([0.00559664, 0.0755884] ; [0.000648791, 0.00630016])
13.5315 ; ([0.00549888, 0.0753001] ; [0.000639776, 0.00627614])
13.5522 ; ([0.0054018, 0.0750128] ; [0.000630821, 0.00625219])
13.573 ; ([0.00530541, 0.0747264] ; [0.000621928, 0.00622832])
13.5937 ; ([0.0052097, 0.074441] ; [0.000613095, 0.00620453])
13.6144 ; ([0.00511467, 0.0741566] ; [0.000604322, 0.00618083])
13.6352 ; ([0.00502032, 0.0738731] ; [0.000595609, 0.0061572])
13.6559 ; ([0.00492663, 0.0735905] ; [0.000586956, 0.00613364])
13.6767 ; ([0.00483362, 0.0733089] ; [0.000578362, 0.00611017])
13.6975 ; ([0.00474126, 0.0730282] ; [0.000569827, 0.00608678])
13.7183 ; ([0.00464957, 0.0727485] ; [0.00056135, 0.00606346])
13.7391 ; ([0.00455854, 0.0724697] ; [0.000552932, 0.00604022])
13.7599 ; ([0.00446816, 0.0721918] ; [0.000544572, 0.00601706])
13.7807 ; ([0.00437843, 0.0719148] ; [0.000536269, 0.00599398])
13.8015 ; ([0.00428934, 0.0716388] ; [0.000528025, 0.00597097])
13.8224 ; ([0.0042009, 0.0713637] ; [0.000519837, 0.00594804])
13.8432 ; ([0.0041131, 0.0710895] ; [0.000511706, 0.00592519])
13.8641 ; ([0.00402594, 0.0708162] ; [0.000503632, 0.00590241])
13.8849 ; ([0.00393941, 0.0705439] ; [0.000495614, 0.00587971])
13.9058 ; ([0.00385351, 0.0702724] ; [0.000487652, 0.00585709])
13.9267 ; ([0.00376824, 0.0700019] ; [0.000479745, 0.00583454])
13.9476 ; ([0.00368359, 0.0697323] ; [0.000471895, 0.00581207])
13.9685 ; ([0.00359957, 0.0694635] ; [0.000464099, 0.00578967])
13.9895 ; ([0.00351616, 0.0691957] ; [0.000456358, 0.00576735])
14.0104 ; ([0.00343336, 0.0689288] ; [0.000448672, 0.0057451])
14.0314 ; ([0.00335118, 0.0686627] ; [0.00044104, 0.00572292])
14.0523 ; ([0.0032696, 0.0683976] ; [0.000433462, 0.00570082])
14.0733 ; ([0.00318862, 0.0681333] ; [0.000425937, 0.0056788])
14.0943 ; ([0.00310825, 0.06787] ; [0.000418466, 0.00565685])
14.1152 ; ([0.00302848, 0.0676075] ; [0.000411049, 0.00563497])
14.1363 ; ([0.0029493, 0.0673459] ; [0.000403684, 0.00561316])
14.1573 ; ([0.00287071, 0.0670851] ; [0.000396371, 0.00559143])
14.1783 ; ([0.00279271, 0.0668253] ; [0.000389111, 0.00556977])
14.1993 ; ([0.00271529, 0.0665663] ; [0.000381904, 0.00554819])
14.2204 ; ([0.00263846, 0.0663082] ; [0.000374748, 0.00552668])
14.2414 ; ([0.0025622, 0.066051] ; [0.000367643, 0.00550523])
14.2625 ; ([0.00248653, 0.0657946] ; [0.00036059, 0.00548387])
14.2836 ; ([0.00241142, 0.0655391] ; [0.000353587, 0.00546257])
14.3046 ; ([0.00233689, 0.0652844] ; [0.000346636, 0.00544134])
14.3257 ; ([0.00226292, 0.0650306] ; [0.000339734, 0.00542019])
14.3469 ; ([0.00218952, 0.0647777] ; [0.000332883, 0.00539911])
14.368 ; ([0.00211667, 0.0645256] ; [0.000326082, 0.0053781])
14.3891 ; ([0.00204439, 0.0642743] ; [0.000319331, 0.00535716])
14.4103 ; ([0.00197266, 0.0640239] ; [0.000312629, 0.00533629])
14.4314 ; ([0.00190148, 0.0637744] ; [0.000305976, 0.00531549])
14.4526 ; ([0.00183085, 0.0635257] ; [0.000299372, 0.00529476])
14.4738 ; ([0.00176076, 0.0632778] ; [0.000292817, 0.0052741])
14.4949 ; ([0.00169122, 0.0630308] ; [0.00028631, 0.00525351])
14.5161 ; ([0.00162222, 0.0627846] ; [0.000279851, 0.00523299])
14.5373 ; ([0.00155376, 0.0625392] ; [0.00027344, 0.00521254])
14.5586 ; ([0.00148583, 0.0622947] ; [0.000267076, 0.00519216])
14.5798 ; ([0.00141843, 0.062051] ; [0.00026076, 0.00517184])
14.601 ; ([0.00135156, 0.0618081] ; [0.000254491, 0.0051516])
14.6223 ; ([0.00128522, 0.061566] ; [0.000248269, 0.00513142])
14.6436 ; ([0.0012194, 0.0613248] ; [0.000242093, 0.00511132])
14.6648 ; ([0.0011541, 0.0610844] ; [0.000235964, 0.00509128])
14.6861 ; ([0.00108932, 0.0608447] ; [0.000229881, 0.00507131])
14.7074 ; ([0.00102505, 0.0606059] ; [0.000223843, 0.0050514])
14.7288 ; ([0.00096129, 0.060368] ; [0.000217852, 0.00503157])
14.7501 ; ([0.000898042, 0.0601308] ; [0.000211905, 0.0050118])
14.7714 ; ([0.0008353, 0.0598944] ; [0.000206004, 0.0049921])
14.7928 ; ([0.000773062, 0.0596588] ; [0.000200148, 0.00497246])
14.8141 ; ([0.000711324, 0.059424] ; [0.000194336, 0.00495289])
14.8355 ; ([0.000650084, 0.0591901] ; [0.000188569, 0.00493339])
14.8569 ; ([0.000589339, 0.0589569] ; [0.000182846, 0.00491395])
14.8783 ; ([0.000529086, 0.0587245] ; [0.000177167, 0.00489459])
14.8997 ; ([0.000469324, 0.0584929] ; [0.000171531, 0.00487528])
14.9211 ; ([0.000410048, 0.0582621] ; [0.000165939, 0.00485604])
14.9425 ; ([0.000351257, 0.058032] ; [0.000160391, 0.00483687])
14.964 ; ([0.000292948, 0.0578028] ; [0.000154885, 0.00481776])
14.9854 ; ([0.000235118, 0.0575743] ; [0.000149422, 0.00479872])
15.0069 ; ([0.000177764, 0.0573466] ; [0.000144001, 0.00477974])
15.0283 ; ([0.000120884, 0.0571197] ; [0.000138623, 0.00476083])
15.0498 ; ([6.44759e-05, 0.0568936] ; [0.000133287, 0.00474198])
15.0713 ; ([8.53613e-06, 0.0566682] ; [0.000127993, 0.0047232])
15.0928 ; ([-4.69375e-05, 0.0564436] ; [0.00012274, 0.00470448])
15.1144 ; ([-0.000101948, 0.0562198] ; [0.000117529, 0.00468582])
15.1359 ; ([-0.000156497, 0.0559967] ; [0.000112359, 0.00466723])
15.1575 ; ([-0.000210588, 0.0557744] ; [0.00010723, 0.0046487])
15.179 ; ([-0.000264222, 0.0555529] ; [0.000102142, 0.00463024])
15.2006 ; ([-0.000317404, 0.0553321] ; [9.70938e-05, 0.00461183])
15.2222 ; ([-0.000370135, 0.055112] ; [9.20862e-05, 0.0045935])
15.2438 ; ([-0.000422417, 0.0548928] ; [8.71187e-05, 0.00457522])
15.2654 ; ([-0.000474253, 0.0546742] ; [8.2191e-05, 0.004557])
15.287 ; ([-0.000525646, 0.0544565] ; [7.7303e-05, 0.00453885])
15.3086 ; ([-0.000576599, 0.0542394] ; [7.24544e-05, 0.00452076])
15.3303 ; ([-0.000627113, 0.0540231] ; [6.7645e-05, 0.00450274])
15.3519 ; ([-0.00067719, 0.0538076] ; [6.28745e-05, 0.00448477])
15.3736 ; ([-0.000726835, 0.0535928] ; [5.81429e-05, 0.00446687])
15.3953 ; ([-0.000776048, 0.0533787] ; [5.34498e-05, 0.00444902])
15.417 ; ([-0.000824832, 0.0531654] ; [4.8795e-05, 0.00443124])
15.4387 ; ([-0.00087319, 0.0529527] ; [4.41784e-05, 0.00441352])
15.4604 ; ([-0.000921125, 0.0527409] ; [3.95997e-05, 0.00439586])
15.4821 ; ([-0.000968637, 0.0525297] ; [3.50587e-05, 0.00437826])
15.5039 ; ([-0.00101573, 0.0523193] ; [3.05552e-05, 0.00436072])
15.5256 ; ([-0.00106241, 0.0521096] ; [2.6089e-05, 0.00434325])
15.5474 ; ([-0.00110867, 0.0519006] ; [2.16599e-05, 0.00432583])
15.5691 ; ([-0.00115452, 0.0516924] ; [1.72677e-05, 0.00430847])
15.5909 ; ([-0.00119996, 0.0514848] ; [1.29122e-05, 0.00429117])
15.6127 ; ([-0.00124499, 0.051278] ; [8.59316e-06, 0.00427393])
15.6346 ; ([-0.00128962, 0.0510719] ; [4.3104e-06, 0.00425676])
15.6564 ; ([-0.00133385, 0.0508665] ; [6.37153e-08, 0.00423964])
15.6782 ; ([-0.00137767, 0.0506618] ; [-4.14709e-06, 0.00422257])
15.7001 ; ([-0.0014211, 0.0504578] ; [-8.32222e-06, 0.00420557])
15.722 ; ([-0.00146413, 0.0502545] ; [-1.24619e-05, 0.00418863])
15.7438 ; ([-0.00150676, 0.050052] ; [-1.65662e-05, 0.00417175])
15.7657 ; ([-0.00154901, 0.0498501] ; [-2.06355e-05, 0.00415492])
15.7876 ; ([-0.00159087, 0.0496489] ; [-2.46699e-05, 0.00413815])
15.8095 ; ([-0.00163233, 0.0494484] ; [-2.86696e-05, 0.00412144])
15.8315 ; ([-0.00167342, 0.0492486] ; [-3.26349e-05, 0.00410479])
15.8534 ; ([-0.00171412, 0.0490495] ; [-3.65658e-05, 0.00408819])
15.8754 ; ([-0.00175444, 0.0488511] ; [-4.04626e-05, 0.00407166])
15.8973 ; ([-0.00179438, 0.0486534] ; [-4.43255e-05, 0.00405518])
15.9193 ; ([-0.00183395, 0.0484563] ; [-4.81546e-05, 0.00403875])
15.9413 ; ([-0.00187314, 0.04826] ; [-5.19502e-05, 0.00402239])
15.9633 ; ([-0.00191196, 0.0480643] ; [-5.57125e-05, 0.00400608])
15.9853 ; ([-0.00195041, 0.0478693] ; [-5.94416e-05, 0.00398983])
16 ; ([-0.00197578, 0.04774] ; [-6.19035e-05, 0.00397905])
